Tín hiệu sau khi lọc và giảm kích thước tại mức 2 (Low-pass filter):
-3.368665
-129.947116
-967.610731
9985.730719
-42660.509631
65997.534317
-31532.657096
-27788.816544
-286672.454332
-172881.114486
-172303.062989
79077.000739
402758.008470
192495.045915
-233118.610543
-173971.415172
-203341.224132
-341232.910083
-301259.979942
1468569.802867
-55576.683257
-1126101.630323
-157190.966785
219052.172019
-139786.276469
-216693.232423
-292070.780990
-55407.682084
61076.776859
57962.725750
225046.298829
345895.969038
284835.795591
140958.502845
15052.469128
-96266.663745
-67488.823921
-56997.795191
-173350.122466
-144511.250532
19251.374678
-18364.142300
-48633.334254
161236.279958
-457771.041934
1044162.150005
267813.531689
-817028.739417
-360540.399680
331554.981289
526613.174399
269690.251399
217323.630534
111242.670566
92991.908296
94441.067787
17565.751359
65054.148367
173240.085344
135704.304683
-131892.177120
-145121.754130
-68767.728803
-128777.303380
8994.041525
11406.208809
64268.959478
389567.147573
218303.839583
81169.525478
59581.270102
83397.796020
-200170.978205
-161927.102751
-15381.236308
-107056.673083
-238756.007756
-137274.636637
-160256.129576
91420.482933
-153460.755657
269306.872544
243426.521487
121813.354224
-95870.565723
-1003276.355382
-505932.573029
1055093.814273
1510810.843534
-435380.389114
-1423430.002262
242588.946026
-88758.312101
-386576.982890
92167.656813
140985.769951
-65702.518870
-198643.939386
-161946.703699
-51089.335201
85265.598844
112509.651521
148345.272461
209116.312636
116350.930238
9702.288273
-158402.648932
-211704.740725
-112398.593809
-132191.332306
-49008.880413
-151785.500076
-98973.436099
158366.281478
294565.001378
320400.081579
343898.829821
234476.690225
-281365.816909
-675194.684477
903404.657914
-11589.953237
-668660.224925
-46632.449685
612580.392653
182745.549554
66525.400541
73061.696257
-50251.424797
-171316.678300
56708.936667
203114.641724
264696.384573
-58939.723829
-121888.372754
38899.166032
36128.533436
-123376.772010
38672.790810
248246.189443
52836.145398
-90283.337432
258173.167520
28110.818145
-81405.178300
49051.985594
-210836.798496
62452.286528
-611115.396155
-1158528.821066
-393293.573612
1250700.751566
986754.947169
-629099.931168
-1163780.078663
332073.103151
-43290.144055
-487456.349979
-388555.716252
-89346.626040
-92834.404025
-74037.234917
120620.891186
249771.258308
238613.573438
192129.812674
71946.529782
-110353.227343
-29326.222204
59645.950877
100415.605716
1064.643745
16657.215298
-132686.704354
-163243.454621
-48261.958446
-59599.914802
837417.184303
-324566.514091
-638195.348110
294942.677442
414809.791483
-104531.563412
35487.744739
-66394.868985
-18087.669857
-87085.147046
-75067.511396
-74531.279365
69736.599283
31813.519454
121264.159353
343829.774572
228403.385470
202958.419222
-47802.654335
-145724.615122
-92618.497599
-99211.153131
-164192.967961
-317509.798206
-177103.374093
35843.440814
103547.431775
-50834.832244
-17643.956214
93372.081577
148255.041589
324765.948661
285928.065090
10553.405794
-188329.476756
-398889.546453
-463866.258851
69041.432995
1116276.130207
155005.584785
-1018777.749177
-142838.423336
82221.309884
-238409.336149
-114743.519118
14066.734038
27038.165254
139652.848455
460532.678241
286613.944395
-8635.828807
96871.963909
169070.424753
-46946.604046
-126845.407478
-253902.358677
-188297.286331
-164681.289064
43697.044530
181995.095654
216879.336932
306383.515583
333575.182891
172854.039847
206584.806786
-288365.932539
1325443.233734
-273371.173885
-1094885.829402
-183191.786826
-15055.266370
-623550.850690
247495.278644
464047.236866
350257.985217
238046.854481
194128.095467
149621.871991
82566.688748
9945.631786
-61678.468613
1388.103850
-35290.064694
-201682.862834
-205735.500269
-103488.517353
64668.193746
97833.035867
129274.908000
193560.439756
103288.759455
73304.395913
53998.748808
-32319.271966
-128812.012132
-194934.667212
-108157.264126
13690.148748
59046.909306
28474.077590
96883.883323
113393.442442
185242.625200
379435.442603
316169.502412
218706.610410
21626.121372
-764788.267929
-62803.719424
714669.399229
221372.479616
-129863.909081
-553307.280848
-401616.213187
252437.432490
304407.440229
298418.934617
218036.203666
207347.317688
16932.569830
-240052.154407
-201098.229051
-51614.190318
-100843.289526
388157.120761
48265.157711
-153827.480527
-4169.599237
70476.204169
-98696.443466
-101440.898846
-290557.847742
-700101.154372
1081935.635223
314920.873717
-247087.906610
64017.008263
-79220.741297
229781.885670
669750.965880
520868.344948
347645.689420
193154.568835
281547.413813
66543.835816
-250232.101494
-143884.744925
191075.866229
217536.857367
44807.267336
150549.040291
-77865.696316
-107429.628655
-109086.597673
-71890.411879
48137.635741
31347.722962
-24731.521840
-227961.171807
-205347.100863
-227731.971350
-396852.304249
-543434.225782
-665625.219693
-555647.121172
-745398.052188
-588153.697284
-435958.661158
-159820.227971
292711.258856
242714.330560
-370721.387805
-44883.400309
1386977.158030
1801729.733040
-141805.611830
-1357119.116849
361511.675976
473960.527280
-403818.437839
-971945.333978
220800.663059
859260.513753
279403.645214
137575.934609
74596.584896
-598975.122926
-932352.741263
-832664.207315
-317214.115544
11112.172210
-577923.885906
-884788.379375
-920035.307985
-686530.714632
-848885.830156
-628301.940729
-345742.064998
-224681.796778
-1310872.811862
719779.669963
959740.263796
-268205.116831
-175608.010664
614448.379022
901824.970635
856304.692827
384126.469117
223792.993249
230898.728843
200828.297339
333449.398278
101724.655634
-120730.779795
-292339.472287
-723723.678180
-403160.784448
382213.387607
743844.247660
966206.484678
757821.244322
923603.273540
1028897.678612
147955.210160
-904224.419837
-1457846.612962
-1971026.246419
576452.681121
2273458.938147
2028733.091316
1861472.069517
1447465.029979
493034.290441
-411397.246555
-767114.404970
-1559416.952916
-1612419.631471
-454348.795037
814204.954469
-138808.174129
-1510392.893103
-350535.515262
1967104.982825
986771.003527
-958541.009604
-842633.823435
-445465.836170
75583.056462
328766.949401
515926.887487
725484.002220
818243.743353
700542.390767
-321894.968825
-553347.746250
-578061.658142
-425987.681984
-201246.070702
-276926.283096
9323.041173
-248312.934680
1245468.254437
1943495.881520
52024.621269
299853.836797
-215177.602937
416390.063698
631547.105486
239388.400661
-231762.746732
-114953.440750
113167.631951
77019.411441
-123714.904840
-249430.159162
-43527.388131
108270.500789
37891.489694
31694.894621
124649.787797
330253.513013
295091.667917
46089.774518
-177642.293086
-347792.565846
-390387.370917
-371012.978317
-201203.107432
48326.814636
285629.369603
558802.586103
519333.654268
159487.210861
-57182.415218
-89275.175262
122525.437316
258432.219485
-129011.019834
-469691.229346
-408027.591881
-271786.566722
-125275.360618
-41534.190711
-29427.723244
188741.001374
605500.097653
651035.694630
345827.265069
140559.647981
107059.975402
92368.309468
-83792.142541
-142608.274693
-283720.745081
-733982.744066
-1558502.553705
-1337130.180938
350264.864616
2058035.931943
769818.538548
-963303.575240
91017.461310
1524122.066635
824127.994185
-80411.351017
-731520.752148
-785688.145595
-251725.116017
-130755.526336
-201441.414960
-166808.537407
-29809.221683
269348.939007
414190.948736
327333.462745
154048.414299
-36783.036600
-86404.097271
-21688.010656
77698.230341
199269.268375
171642.816417
114984.356255
-18700.288554
-202905.822555
-416882.356265
-278696.013085
-11990.210574
-36775.190974
-174233.988568
-219308.766421
-1356855.653827
664082.273400
298671.397554
-1251095.544026
-685065.599565
-815328.412023
-389202.104228
173685.885107
213302.201610
267121.660950
323083.396895
694319.870203
908947.982545
599620.987499
255536.658822
439677.462498
722387.894862
740660.345233
529931.057434
139973.354774
-31754.319489
29553.880571
15456.824978
101512.435312
431414.630597
499961.689869
228175.961686
116333.521980
-145900.666479
-668026.973076
-714322.303545
-378420.400873
-459482.375921
-730684.288034
-586681.743712
-521747.224437
-236854.957226
514663.835712
903290.456353
848203.204204
672366.229541
442769.909316
130000.036712
-142708.465201
-292603.669413
-741658.262672
-1104546.384908
-1036423.702748
-357064.837102
119580.365743
599124.125441
1107049.572885
1277673.150179
1076524.686733
548490.679631
-536811.015340
-737042.236502
267663.488085
1005953.135567
-449556.480653
-2960642.668264
-1587826.721130
1102750.698414
860032.631019
-158120.182109
-414320.099196
-603850.971234
-959185.408555
-1186626.861350
-1105836.652236
-1056792.008943
-508515.378197
241077.926825
696555.965343
838908.169940
638097.289259
484937.070973
554152.751689
610355.043856
127734.708663
420753.687762
650983.008551
626639.291491
715890.849233
706768.845023
407325.973740
283602.439201
-168068.430852
-882487.869345
-1098292.726367
-798666.022050
-2064220.931396
-58952.580104
918265.308868
-286153.696457
-831381.917853
-106799.757896
495994.134142
16471.909342
-469560.071163
-341248.928681
179537.665622
439898.893000
568404.948613
613342.298977
516036.599988
456848.549929
907251.334163
818145.515878
359903.634023
-158331.536588
-458279.179372
-376563.601513
-230316.075631
112216.570625
318482.608869
124272.421751
-41810.518530
-175468.492352
-333898.540920
-544831.860598
-720784.833429
-665404.066180
-474735.731376
-130025.552592
116448.103287
410505.649183
668690.164132
704496.852128
446238.405205
222420.296500
197032.185549
82856.378855
-1111879.135177
-1536645.467103
-914346.881706
655726.870394
2127088.815919
928698.803735
422206.433032
438554.188926
575510.015387
539899.699238
443795.453756
-432457.366201
-376906.198508
769383.045295
2250804.706575
973384.708122
-1419028.820283
-848088.330142
303685.452948
-123720.491169
-578100.267768
-429176.073155
-300489.385455
-18683.900822
-223143.167593
-725533.060249
-1023950.294832
-858984.818142
-477216.821743
-3950.112486
64885.373009
247508.912383
667929.940417
865891.118931
628334.954887
219441.649809
-340774.321385
-813624.457827
-939842.425348
-692453.928204
-361600.715303
-200100.466180
-194907.229208
-99567.020770
211438.622410
330535.100906
-554668.807990
-480911.176464
1353160.124856
96708.612143
-121663.060085
663932.772465
718670.158323
1165470.121588
904028.590587
440453.382686
-25658.281681
252548.107860
444252.303848
85122.201634
-285928.285437
-422742.247231
-658727.467915
-998018.935596
-979417.606504
-723555.913095
-304481.785727
-18064.490158
167061.868565
265212.735783
178413.667323
-83377.816623
-165203.793528
-34612.189838
134617.988774
224882.742952
241141.522329
327630.326876
464615.363206
428280.363890
191056.503379
171879.793263
175273.096904
10393.329595
-171558.704232
-135811.733625
-25537.333367
-92649.577044
-391512.153260
-767243.779055
-935722.420777
-692440.452453
-265160.850713
157405.121345
462980.634413
640662.367173
739831.140995
825158.712020
876459.112375
527538.510931
-383969.036539
-1405329.910635
-926215.004779
792327.399191
1182418.144849
-458928.807126
-1380002.691539
-115242.089796
774635.953577
39190.851447
-254066.024736
-327074.204006
-257481.071938
299912.987842
270535.511529
-395748.873146
-914363.911340
-829050.783954
-333475.148016
169590.982174
428985.702646
576747.769919
543585.843955
269689.499402
-115841.772373
-337606.517785
-505273.834754
-500426.552413
95263.035975
260759.059893
122016.191703
-366029.024752
-653422.410444
-807166.083160
-917929.737751
-680893.634653
-1387003.548041
-797862.305866
1261865.759080
1647.460504
-529965.035854
-465562.356834
126307.353559
369118.530895
-51579.368880
-311657.167353
-455782.659986
-128287.526774
804994.744709
1316502.013837
1224854.584382
1132345.896936
960323.830173
700542.907910
185076.935599
-187586.527494
-241366.110009
-156297.678183
21512.233413
312660.512128
461262.628328
349474.938859
147582.552994
-291290.520767
-687559.496353
-818107.833257
-660796.113574
-128978.511071
-2087.802955
607146.903618
1187243.954806
1014960.631218
663157.783283
-130584.966526
-807502.728906
-511754.061550
-374200.948124
-540824.800158
-626054.602943
8912.081002
-267877.873050
-140454.245771
-22845.601626
-577601.288929
-1186473.330817
-692542.068793
-20309.856749
466220.047042
510655.484666
463758.804618
88246.863875
913438.898965
2090445.065643
2267627.702292
-1817.336809
-1851882.801230
-677329.054661
965805.880940
739330.923014
-156778.436555
-1034889.999718
-675566.190919
-503.567287
-250909.369770
-903882.914208
-1325781.394495
-823905.773032
102285.588831
545627.095174
586308.197074
452240.536862
235488.491873
122187.433622
-73960.635013
-222140.340605
-290962.341752
-122839.091852
214883.073287
146429.514214
179630.003427
365199.541725
80072.410062
-268322.976597
-463636.779617
-28303.065885
-329346.962813
1767218.397293
1347113.109444
342785.276902
839205.752494
341762.501431
296729.410063
-807372.556101
-1295683.303610
-1207552.254351
-729745.234412
-414045.078877
189329.284680
939628.459570
699665.960305
424825.734583
543830.797129
717160.849726
289497.944075
144697.897254
-210978.367960
-550613.584567
-714014.384133
-657310.808508
-520166.737312
-271591.322661
52260.211419
110293.721086
36505.813344
-128191.103767
495199.142949
654129.152801
61561.050581
-524250.187653
-702248.036070
-549884.848487
-379266.427342
-306302.785352
-276303.357670
104722.420860
422726.400311
267368.219069
-299340.906969
300313.331425
764983.112122
504392.061258
-203089.345978
-383758.358734
-338077.923557
-140857.693169
3637.931176
-5630.352964
-42569.261133
-180312.543888
-302425.263740
-287436.994338
-565438.016954
-306399.573251
297593.887616
1456940.104837
1128178.486162
-1310836.844312
-1001222.336972
407226.347425
-345387.422198
-314059.736716
-13.846158
-256184.212240
1061318.275096
737691.101002
292900.121684
480138.873704
203780.671257
429801.577474
648428.513600
538026.940441
98007.089053
285977.481891
223564.278375
16970.615998
-399800.725353
-400953.740855
140574.180651
72387.307203
250789.123718
301849.475199
50592.968890
-494497.753105
-681900.283017
-1203059.079124
368129.196659
1335269.424258
3314582.305113
2310076.912833
-915052.469501
-1563883.244547
-1101304.710547
-1542974.229178
-1448470.174718
-925853.652696
-145760.954208
160708.895172
325501.733417
-112073.574370
3442.384691
69339.400822
-117599.434434
-64200.598996
-322632.529360
363353.058373
1033944.993519
1305073.402844
2514191.983737
2383744.475343
765707.474602
-637265.511279
-1081833.322947
-1119412.289235
-795949.098216
-561059.627179
-147525.382431
166711.976000
429600.831956
301067.304615
-298671.770124
-505169.922392
-518331.191954
-307784.192929
-110515.766161
-241144.216191
-430466.438429
-380099.579866
-114031.356151
283184.393786
488778.096645
492906.861050
389734.766714
241703.516706
147657.219370
22899.831195
-95214.464762
71642.955534
228312.457775
392553.945917
648486.096985
580764.860966
57687.501410
-1273706.895898
-1283996.810386
137521.323496
1674931.314065
648299.226351
-1377933.086568
-551452.657371
1010180.763796
381398.508970
163839.873547
344910.773488
394111.738160
397365.217258
235433.818665
-264866.978494
-705703.605218
-813097.539545
-508250.451125
-129639.728825
-241733.931492
-371949.373115
-354013.073548
-573097.831142
-212179.982293
152510.263556
434342.909799
659606.992093
613369.272256
540753.287471
620729.950225
632601.961881
607060.578604
597740.489141
393175.784841
187624.491234
-898708.039254
-163274.294316
897041.412735
-433689.199900
-1201646.675895
-156693.204568
689732.129883
32735.349183
-254421.227963
-275798.327774
-564583.814948
-208105.379594
258071.112699
372182.036513
596487.105734
-355948.899107
-183556.522972
1164380.025191
1378470.063692
-90595.670502
-1108650.511223
-1451348.366420
-610088.892252
74876.672319
337755.523792
121225.052410
367057.666539
568386.306325
129297.837371
-552662.043936
-595245.465016
-324957.140887
-450466.751774
-847924.423559
-440393.316478
-392393.524399
337068.105210
661379.208904
486325.370445
335719.540670
294126.853590
584564.277399
604191.332330
257934.453256
-26653.497115
171452.230663
587893.466471
663700.062126
559717.984821
215336.248960
-42323.291802
264668.839132
736687.040914
1671279.079464
1730081.817310
694318.774361
-628451.581284
-2055604.015820
-2235090.378415
-1156041.558313
67289.026143
-192211.548255
233008.656097
1545191.629343
1945795.714536
165552.331420
-732421.963437
-1208425.268358
-1443533.173754
-1428500.389614
-1020633.849693
-230348.125948
254415.576328
227152.362563
477575.868680
947924.481721
245781.134717
-812938.115563
-928907.902484
-633833.825952
-337282.398786
356616.618415
1295212.772354
1145734.573324
1329060.375723
1064968.251738
-101148.500353
-1267192.880809
-1534976.445242
-1567988.679192
-1292731.926212
-1340808.908667
-659923.846497
289400.203546
-539766.701454
326797.802942
1671803.881221
893778.781590
324565.407980
415925.866603
-19158.546321
-142433.494883
-485844.138904
-790970.680751
-881014.938028
-544847.340105
-178595.571486
161708.268351
502613.657512
696359.335657
489734.927624
174313.770700
-25854.896902
-344364.995515
-529424.570302
-547739.303566
-552027.273202
-371777.045479
-88521.485241
29543.563286
77919.348111
185790.559773
248956.298574
385268.619529
248158.988187
-71487.841553
30422.896965
-96161.718371
108376.941561
260723.024446
418406.393861
177777.039605
437403.174098
-10406.348337
-540052.510170
-707296.076334
-542184.308152
-305085.775845
84347.208805
616778.284374
688640.868353
592420.572536
383318.091594
67724.071386
-331898.763497
-878547.708204
-907027.500149
-101212.253592
1199176.238224
822569.706322
-791480.223187
-390943.774587
923185.851213
181661.604110
-634001.572873
-465094.387190
-107702.521861
679581.845258
1295479.127917
744904.912004
-205009.791957
-633905.898843
-205015.065319
33447.348294
-198239.503179
-339647.392534
-430111.116249
-99478.989321
716071.781898
759578.706198
84899.423180
-590073.371280
-1019253.324457
-965489.672254
-779415.237629
-558923.932592
130541.851824
-170962.570884
-172326.303434
123097.915331
-117352.258446
286267.430571
950094.772557
-258150.588817
-411203.030565
334536.518273
193510.036845
231563.753555
338694.547482
303304.802738
468145.487426
494358.131106
581538.730861
48220.709167
-861487.711949
-519978.782145
237265.824386
911614.886166
280829.017964
-564402.071274
-713676.407170
-701787.105445
-534170.581519
-103710.890102
498889.035555
620224.332879
80222.676784
-235594.781010
-409381.287581
-316715.737647
-97171.056029
173038.285994
196646.714358
174531.273368
146042.793832
-17330.823044
-106782.245322
-94875.237451
130951.161194
519016.444646
352608.762233
51288.736441
-135030.811356
-381131.976623
-426779.386034
-506747.383917
-535502.109028
-213224.019207
401929.749464
696218.986848
557177.005270
541150.357350
205905.446520
-331888.364655
-819648.173154
-636162.642086
-238144.573245
479644.873531
199346.166734
-892286.019073
96155.889958
727041.587992
43983.691241
-264619.003079
16627.029951
-81344.855972
-17723.119362
-47585.742732
-313091.506740
-208150.201395
126305.327268
237060.789072
263565.631993
357556.198440
405139.789887
243610.494633
-142658.177868
-461335.264259
-665182.151263
-616316.057227
-374721.010897
-378411.540403
-412570.112539
-130391.458413
-11515.008243
-41115.912106
152601.837575
344259.108343
-111488.357625
118255.443323
125000.740235
-717355.443029
5601.753446
703617.397653
483976.346435
295371.519931
317289.395045
156983.197328
-198148.428234
-232500.101800
-261473.033565
-438576.038818
-194463.363692
-203566.409626
-300774.851173
-123983.218701
-36638.642844
-59085.311882
5741.509448
246582.122730
461059.702061
488033.795029
487282.523963
374762.081966
-17743.661841
-59192.705188
21428.058204
32782.249554
91253.352753
-9535.747633
-336892.557808
-595085.923286
-441673.677766
41515.951862
319996.675897
233962.256459
-288893.432902
-421705.632127
59167.500227
366771.709866
376923.369367
254621.147314
64334.119158
-60407.421744
125782.613171
60161.157081
-127678.727611
-426715.775437
-390354.688365
-581672.215973
-317279.041768
262416.578174
358482.266250
78136.561698
250871.179208
245641.600042
-20167.419006
-36421.257791
586833.145096
274028.307338
-780471.928982
-334056.543116
403282.530702
-56272.767178
-97970.477552
-99444.142934
-167905.840683
117239.182925
-73841.475601
-378633.811470
-354626.414015
4163.195226
130366.313023
-73748.507084
-223574.550794
-137468.050742
152488.878378
455869.127426
411370.457757
92025.648263
-147295.738581
-28968.887222
109736.411682
70719.649590
-1552.709245
-62716.344752
45116.595762
129613.493852
-41457.929388
-552907.230014
340740.936866
267352.438948
-397001.686543
-5566.587593
200534.011382
-390498.127455
-465418.812722
99673.782974
367860.295118
314528.580649
241435.977902
123926.566410
151926.710655
135664.463929
104664.873338
225813.133255
142013.623077
-109197.169468
-202455.907959
-142348.286357
-54695.664905
2800.300384
-128238.164125
45361.514179
205114.692309
184445.490800
2762.061911
-172732.337681
-211857.070523
-94243.259764
-11709.054453
-44832.947578
-109143.699754
6426.332275
234502.707259
161354.942167
-47785.332538
-95718.097727
94654.922804
88469.318068
-115629.601426
-230166.910178
-186216.051330
-83625.107370
128302.719134
283202.241141
191644.753725
-28775.154097
-31690.392904
174171.406835
-81076.781375
-275048.154313
-194459.724000
-287181.148499
-506141.111274
211087.822578
967724.419466
-57772.627154
260919.081918
608491.157095
-183293.990856
-445373.981044
-535829.039292
-511844.345796
-255574.595113
-139496.306812
-88847.003431
141955.808659
411648.663348
455172.520945
386886.229292
184395.384359
-175810.972118
-103424.092702
-13241.950960
18204.066118
31163.901548
95252.729997
59536.175974
38742.074087
209486.515053
87066.344622
-171246.863016
-199938.161856
-264824.440330
243177.191173
1044094.620742
-363973.903877
-375818.510558
590883.423454
274432.420232
-439017.813693
-836019.241637
-120857.397479
218368.467096
344051.282845
328764.651712
282670.392152
132592.171015
131773.661412
157112.050412
246520.904724
305340.898259
59575.388474
-210113.182941
-470584.684622
-343231.067891
-129769.024886
-58647.108370
148737.351783
237702.998137
111022.202308
-25600.711745
-109721.077026
-77489.408873
41968.573134
54079.663511
20651.873693
45501.437656
208669.788958
459670.333372
314260.388503
147881.050345
-39931.145655
-85871.947098
-286178.732314
-764459.805839
-650592.776721
-54142.670759
348179.785118
38813.820713
671257.397552
678488.541787
603949.806348
378785.675240
121457.323437
-416143.417127
-726838.597482
-660278.063093
857736.263237
1048266.758821
-762091.653289
-124902.711870
1008769.788261
760563.272330
55861.306052
-310301.713442
-753752.627067
-766138.269948
-343141.330964
-210019.176739
-217012.301498
81091.246592
412072.895385
162612.436168
-48358.010848
-117650.273301
-73073.106558
-26781.726660
-69262.973081
111770.929525
418126.026783
456231.382381
377287.062605
256640.797689
67918.644028
-177911.309650
-256595.936931
-169307.668696
-128863.427854
-1286.042050
-561147.825457
291003.076743
393200.085628
-601937.392783
-89078.670926
431662.666881
-141707.256933
-44957.779628
354163.366976
270717.469945
-244663.199654
-214261.606913
-60019.700198
225431.112835
463153.077086
459702.549770
278383.898740
68106.346868
-117059.593784
-122373.843677
-43609.411126
34118.228676
-49395.094037
-85215.980386
43407.817022
-87598.589553
-154983.581849
-63722.928224
86245.919191
205031.788713
194567.375572
17192.773410
-93034.901556
50070.002895
42142.090291
-233371.533024
-422715.990050
-207478.397892
233554.435668
571213.461890
316181.305005
-61097.747574
-260002.496336
-294830.142030
-94710.423770
-4953.038197
-14031.268768
-74965.707086
42462.002288
286807.976232
494652.936664
539880.253409
214430.962672
-525373.104633
-928867.738649
209109.978324
1367471.388125
1315725.191276
-687923.438266
-1338367.751260
282390.335050
366404.414047
-325264.716813
-180766.200722
-149534.708619
50970.825554
207867.302185
45085.138531
101899.552261
107030.693413
72652.577528
218360.542289
195532.576051
57820.134580
-60871.815369
-131888.796691
-254997.006921
-364788.198770
-211178.783189
98449.198360
127348.901019
167633.283599
171734.285418
106646.206211
48740.923977
-128113.236764
-7813.567420
195132.362191
231740.754983
-216446.108882
167510.499379
588235.818471
-635448.266238
-733665.782524
24390.623334
275946.404696
568197.586215
624586.670541
87401.403290
-375276.337373
-375037.737069
-88474.161768
105084.353328
138498.003528
-101580.558922
-118474.545490
101707.106622
89095.640829
97915.965918
185722.265503
234121.672081
229072.760233
176348.361932
-133648.577964
-245458.957282
-180227.530306
-159351.942196
139034.071085
283982.310424
8225.780770
-161485.193074
-179321.854369
-241220.898522
-296552.371101
-202157.965557
52669.348133
150362.954318
204739.284857
369040.907665
358617.407410
367341.283164
159023.095185
-197341.047659
-251481.984976
-225541.743279
-147544.979064
-160648.128508
-265045.432890
-129864.175705
68157.541930
301378.726165
452624.728628
374577.620831
-66664.179173
-624602.157612
-170583.452436
423251.600720
802714.611988
289140.502352
-658008.979670
-263955.815402
693123.650145
178969.395966
-375834.232966
-464668.508524
-609864.833980
-209577.493712
46913.353542
27326.310118
63274.297758
-148677.309923
-80406.986821
82256.776003
167663.749076
233531.817933
151582.506412
102752.956542
111618.525301
38959.955750
-55921.224428
-98645.622739
83252.342801
138145.177961
102824.619380
45231.445151
-91300.820972
-175303.194926
-85806.159470
-208150.317226
-183114.356188
-821897.618243
509288.359645
370518.067287
-472262.340124
-49069.041785
348729.657769
158776.190664
88902.439308
118548.696127
231820.442168
298547.055811
321211.784392
77559.893153
-160432.891685
26070.806967
70546.215245
-58256.735236
-132072.108127
-48480.770897
-31324.532404
-84442.703192
-90672.181995
122471.838803
151556.975876
25889.421970
-125198.373011
-254573.860874
-207408.837977
-39989.909325
132655.262043
131180.295258
107360.656892
35853.516818
-204032.822617
-311832.316345
-161733.768971
97257.395716
48921.119825
-135099.925999
-122420.773719
42127.733657
226842.391409
335017.816634
121410.450332
-99513.757108
-85523.032116
-66937.796157
-97334.759603
-133762.975333
-110286.958857
-124683.405449
-117728.945673
-143468.626670
-281381.205941
187793.439092
917423.960620
52744.551364
-320455.063190
285810.822623
64748.694646
-417812.915733
-603566.615836
-691978.828522
-496480.276032
-262128.568102
-110288.211803
297877.764434
505444.144298
644546.587083
695230.514751
504262.682393
166940.121050
-86756.983294
-135498.565866
-314878.650273
-391971.663512
-207521.967172
-84570.667500
-57453.237994
37989.121425
103865.820840
84347.851151
167899.516791
131287.618004
4683.079216
195893.473583
-308413.107052
1316787.027635
700161.016876
-623296.188026
71660.618024
296718.769320
-586536.119959
-641403.645942
103010.044851
242783.837698
244736.880084
265665.739567
38334.502742
-61589.835509
-39848.928303
-177677.954271
-134798.699242
49842.843736
294253.382999
337801.972612
238925.469905
149404.152237
-48256.277497
-134871.377214
-114750.540673
-18523.067613
-46429.218622
-142598.729117
90046.300714
100110.459699
78821.781683
37011.587603
-16678.726932
-75233.393681
-89222.773470
2345.221440
60332.691352
-32837.691636
-93061.980740
-188636.631214
-130957.975943
95981.930392
222804.719863
194251.566866
108022.295440
88055.802351
16458.694722
28252.625265
99594.914385
337492.245708
336890.533314
110381.055421
-219490.950369
-413356.008394
-502203.565463
690303.527042
748033.657006
-806190.969159
-345804.585942
222762.328074
-12575.878768
-55301.101599
31331.888779
-106176.646837
-76560.328082
-246999.835739
-249316.768383
-79113.045500
125178.264550
319647.221637
304913.945248
145235.637033
83908.502965
167568.355115
198925.095623
159000.086787
47360.346833
20004.565773
77832.086961
28747.201414
-27957.292850
23937.264716
33547.007550
115097.157505
-84710.397288
-47320.562286
261066.450478
-373962.866440
928086.235134
446899.224412
-547990.255611
240553.360784
360383.323858
-612592.412026
-791569.239096
-152085.431872
104419.491011
235143.709168
347145.001663
335822.929038
296223.932848
389644.743649
404315.685792
201784.774159
22079.394968
-7023.553929
29722.288418
-60908.684812
-61517.110663
-70514.302257
-54149.448826
-34232.279853
-136666.903914
-176164.302714
90910.524003
186104.127323
-6856.915947
-27937.570824
38778.209011
48263.674699
202669.704025
203370.174565
271001.823271
250564.165467
-167506.056885
-328317.130084
-143551.459752
-9052.242070
9712.725408
-144737.471225
-206349.364638
-33576.789263
65000.137743
10813.465913
-107665.963770
-13007.430917
193548.962141
434059.828178
357450.891919
27784.658787
-414184.217695
-82953.503655
434604.787566
1146871.007017
250769.357616
-937005.316787
-228735.262375
180926.531745
-566518.116868
-488253.753578
-472931.738357
-403487.379369
111194.382898
262790.689094
237405.781141
399248.525723
534195.993600
414049.611468
222048.334321
-153002.084272
-470730.691991
-578719.405047
-346085.350027
-93671.929993
170190.099898
414407.207807
448563.674089
446584.702865
278659.579097
90725.816620
-105549.473649
-99955.375771
225640.233983
603133.886837
194157.283598
-38353.440549
-506709.354152
149108.989818
-223997.111710
-780601.954860
-383495.569106
135946.450724
-518360.131461
-981663.387705
85503.848164
337797.767413
422268.021668
360164.134412
440851.460105
764267.201840
30082.861446
-574889.199667
-259878.296701
-19025.281066
-303501.694795
-82482.499886
440717.609632
504564.653416
161021.965214
-70883.261602
-263852.659291
-221401.175372
-65820.113122
44346.459285
100074.721846
288898.734360
407146.804384
234177.492454
79770.464244
-192784.499283
-220069.623146
-121149.774728
-40002.516270
-19880.984582
-138911.898047
36968.442327
278331.558391
46317.968512
-252146.057084
-351001.001282
-240654.693518
-165322.298042
-195677.975675
-168713.727657
17910.188054
239763.012269
323967.360237
480485.493381
516398.377303
282285.713656
-183654.799772
-839206.325364
-533518.768382
293330.604936
919265.076227
292867.650768
-735236.500725
-413522.600509
449110.115821
-116880.913470
-258045.382427
57813.318900
-257815.469025
-252694.060720
-13274.882137
-146338.949337
-150914.679547
-25704.718140
88367.192623
199904.547628
161436.454484
-49187.286847
-122186.650525
-128443.163303
-58130.249066
-105113.211169
-192450.774872
-61206.037486
109386.391485
191820.584152
203423.638434
147655.324232
2138.305924
40106.564151
-17678.667884
45760.306440
230894.258712
-467185.866292
-345394.212185
349381.076606
-698336.188920
-397796.572912
417753.088481
179181.126888
98351.706653
258181.665911
386622.650744
310235.896159
139056.569810
-80112.832606
-39070.609530
179379.116018
307972.135645
227576.549321
18133.032898
-81544.728617
-93846.712282
-57285.171999
-39304.670462
-67393.504821
14663.782607
160479.238538
15967.901762
-90011.539417
-160753.595044
-3798.832149
214006.565104
166220.196402
-109620.664747
-214963.420260
30764.043235
114259.464801
114553.072360
204474.958299
88040.440482
28598.193497
45376.352057
-48529.176405
-134544.369339
-174443.136064
-220232.596370
-173009.531878
-6470.112203
184316.612094
132690.988011
61003.067262
44110.413499
-7350.071754
55320.268574
163635.780709
169245.001747
25052.347414
-130306.073095
-321212.310165
-253445.681703
-110058.318337
486319.822951
567249.118573
-192975.870790
-252345.450530
374657.986204
-103778.389189
-483298.980824
-161190.128281
-108121.097570
1517.699941
-46857.522165
-365203.757369
-352456.637006
5731.613289
151430.754294
111822.008745
35253.909519
375809.346180
486373.886761
222067.172122
-79694.585462
-97093.588713
188241.668411
193901.727590
28277.586087
-44722.820531
184311.579945
-2792.587911
-40537.213284
-34659.860291
-140152.651801
57925.049425
153176.613397
148690.400322
1005477.193653
-332460.005132
-457769.313605
443369.143384
-379207.389633
-330899.893313
355389.303728
353923.269092
36476.261509
-60087.887157
-111214.356700
-27146.107258
56980.858760
77576.692126
233780.849635
420269.308427
419034.360043
200076.251222
-60732.638710
-333824.995486
-412031.452027
-287541.783113
-328488.226667
-229158.785520
129622.285892
369299.715249
305580.485852
139277.743103
57498.606846
-27784.929116
-28699.646944
46561.801711
75519.155961
171085.215170
259010.316744
198398.894187
259181.453134
75124.234968
-195609.857737
-361153.921590
-238560.961143
-156856.066757
-59777.465804
-2663.297808
82935.592824
83102.916029
-33052.717710
-32037.974974
139918.532421
323485.948458
377910.734747
302576.483905
127406.838957
-198796.699343
-405125.571744
-396712.325552
513560.403872
746642.250564
-674325.424333
-527496.809537
402165.847652
479493.301318
-107054.120287
-334793.021994
-330815.012042
-35497.403411
23794.711333
-201923.515983
-227805.207195
214145.935326
492495.216613
446563.068944
210898.351986
-90697.708163
-231263.529290
-301509.785280
-238857.065202
-161404.902281
-37284.118511
171894.462583
240394.895952
116563.339635
231315.069150
228346.473844
74843.859990
-297.024186
-42978.762328
17022.136515
20003.313842
-260594.821889
790761.646244
-159098.926914
-492020.317665
216948.857494
-192473.156887
-625804.690578
95526.290135
319396.198750
250179.503836
201399.091459
148430.651575
131298.104327
111042.623384
-7847.837684
21678.901483
167779.331138
170996.752895
93996.160464
115579.075222
261118.876725
187400.860220
14795.393933
-183459.887729
-224414.703867
-244753.080306
-149415.978348
-124167.884412
-126253.508181
-23244.921544
50134.899482
39625.825044
75075.268523
-70928.592728
-169648.162276
-134154.033488
-56225.203805
167295.116222
231717.806331
177165.005183
6986.016060
-110707.949640
-19833.952541
73010.225809
137629.571282
129133.122727
187404.465598
145345.452791
20371.430230
-119972.887640
-148232.776620
-254625.266080
-83929.219453
220728.050043
410549.932506
307015.165588
108974.949025
-470114.058386
-106179.835214
452884.946030
1005759.746376
94482.002628
-950200.044992
-302195.365385
588993.793809
-25039.452176
-225497.421373
60974.186855
-73703.552676
-83875.508419
-69901.746553
-186779.096052
-275982.300697
-291327.227828
-227467.754499
-462971.116594
-384273.342783
76627.732229
236930.608966
254423.691726
205124.659303
265429.002020
212567.390729
201048.908879
48418.578900
-35881.511678
-47832.325759
-98098.856242
-119126.033938
-82024.757265
31938.048191
212878.743897
316826.887859
-305961.155451
6553.702516
679909.990493
-236615.634120
-435318.514405
243472.392978
81088.484786
-231706.913782
-265715.852209
-115585.570664
176474.566650
301261.821915
278771.029380
257882.589207
76112.528900
13207.309215
20116.653517
40347.502079
133278.759442
55558.913184
-31700.478194
-110395.430428
-167202.024693
-75754.416900
-25966.007601
84539.290922
31575.390868
68528.023461
-21588.206465
-221586.243904
-244394.881388
-75380.410212
310541.644028
129166.088803
-89641.670741
-337946.109288
-285062.826283
-118674.265394
-112628.411435
-50223.101681
39052.894805
157246.874297
204450.308353
90494.319614
-45631.445911
-257550.106294
-311052.329517
-162861.399684
21555.805473
247427.283778
328726.410195
250320.118995
124503.143597
-50814.769020
-91485.117428
-87791.898127
-38953.283244
-88156.190313
-577843.184149
-141242.870905
727605.245618
1261709.933829
561590.241801
-443658.109034
-477641.709786
392719.598681
59822.910380
-405122.325230
-296806.997248
-474481.088333
-223885.520604
-55626.513983
-45700.316641
26233.888111
416176.286002
452362.002136
255089.548331
32351.841041
-265307.298075
-413425.945609
-349487.262198
-386864.410035
-266470.962388
1632.752313
161782.728134
150182.325062
95067.917184
-39182.849537
43301.070826
238114.285472
273995.952829
384258.231927
396031.438752
399953.824859
15089.320254
-366866.263227
671914.293969
-206338.144599
-14988.418744
